150
A 100 0.5 45 0 1 -1 0 0 0
A 100 1 45 0 1 0 0 PIONEER 0
A 100 1.5 45 0 1 0 0 0 0
B 100 2 45 0 1 0 0 0 0
B 100 3 45 0 1 0 0 0 0
B 100 4 45 0 1 0 0 0 0
C 100 5 45 0 1 0 0 0 0
C 100 0 45 0 1 0 0 0 0
C 100 -5 45 0 1 0 0 EDGEBROOK 0
C 100 -4.5 45 0 1 0 0 0 0
C 100 -4 45 0 1 0 0 0 0
C 100 -3 45 0 1 -1 0 0 0
D 150 0 70 0 2 1 0 0 0
D 150 0 70 0 2 0 0 0 0
D 150 0 70 0 2 0 0 0 0
D 150 0 70 0 2 0 0 STATION 2
E 150 0 60 0 2 0 0 0 0
E 150 0 60 0 2 0 0 0 0
E 150 0 60 0 2 0 1 0 0
E 150 0 60 0 2 0 0 0 0
F 300 0 70 0 2 0 0 0 0
F 300 0 70 0 2 0 0 WHITED 2
F 300 0 70 0 2 0 0 0 0
F 300 0 70 0 2 0 0 0 0
F 200 0 70 0 2 0 0 0 0
F 100 0 70 0 2 0 0 0 0
F 50 0 30 0 2 0 0 0 0
F 50 0 30 0 2 2 0 0 0
G 50 0 30 0 0 -2 0 0 0
G 50 0 30 0 0 0 0 0 0
G 50 0 30 0 0 0 0 SOUTHBANK 0
G 50 0 30 0 0 0 0 0 0
H 50 0 30 0 0 0 0 0 0
H 50 0 30 0 0 0 0 0 0
H 50 0 30 0 0 0 0 0 0
I 50 0 30 1 0 0 0 0 0
I 50 0 30 1 0 0 0 0 0
I 50 0 30 1 0 0 0 CENTRAL 1
I 50 0 30 1 0 0 0 0 0
I 50 0 30 1 0 0 0 0 0
I 50 0 30 1 0 0 0 0 0
I 50 0 30 1 0 0 0 0 0
I 50 0 30 1 0 0 0 0 0
I 50 0 30 1 0 0 0 0 0
I 50 0 30 1 0 0 0 0 0
I 50 0 30 1 0 0 0 0 0
I 50 0 30 1 0 0 0 INGLEWOOD 1
I 50 0 30 1 0 0 0 0 0
I 50 0 30 1 0 0 0 0 0
I 50 0 30 1 0 0 0 0 0
I 50 0 30 1 0 0 0 0 0
I 50 0 30 1 0 0 0 0 0
I 50 0 30 1 0 0 0 0 0
I 50 0 30 1 0 0 0 0 0
I 50 0 30 1 0 0 0 0 0
I 50 0 30 1 0 0 0 OVERBROOK 1
I 50 0 30 1 0 3 0 0 0
J 50 0 30 0 0 -3 0 0 0
J 50 0 30 0 0 0 0 0 0
J 50 0 30 0 0 0 0 0 0
J 50 0 30 0 0 0 0 0 0
J 50 0 30 0 0 -4 0 0 0
K 100 0 70 0 0 4 0 0 0
K 100 0 70 0 0 0 0 0 0
K 200 0 70 0 0 0 0 GLENBURY 1
K 200 0 70 0 0 0 0 0 0
K 100 0 40 0 0 0 0 0 0
K 100 0 40 0 0 0 0 0 0
L 100 0 40 0 0 0 0 0 0
L 100 0 40 0 0 0 0 0 0
L 100 0 40 0 0 0 0 0 0
L 100 0 40 0 0 0 0 0 0
L 100 0 40 0 0 0 0 DORMONT 1
M 100 0 40 0 0 0 0 0 0
M 100 0 40 0 0 0 0 0 0
M 100 0 40 0 0 -5 0 0 0
N 300 0 70 0 2 5 0 MTLEBANON 2
N 300 0 70 0 2 0 0 0 0
N 300 0 70 0 2 0 0 0 0
N 300 0 70 0 2 0 0 0 0
N 300 0 70 0 2 0 0 0 0
N 300 0 70 0 2 0 0 0 0
N 300 0 70 0 2 0 0 0 0
N 300 0 70 0 2 0 0 0 0
N 300 0 70 0 2 6 0 0 0
O 100 0 25 0 0 -6 0 0 0
O 86.6 0 25 0 0 0 0 0 0
O 100 0 25 0 0 0 0 POPLAR 0
P 75 -0.5 25 0 0 0 0 0 0
P 75 -1 25 0 0 0 0 0 0
P 75 -2 25 0 0 0 0 0 0
P 75 0 25 0 0 0 0 0 0
P 75 2 25 0 0 0 0 0 0
P 75 1 25 0 0 0 0 0 0
P 75 0.5 25 0 0 0 0 0 0
P 75 0 25 0 0 0 0 CASTLESHANNON 0
P 75 0 25 0 0 0 0 0 0
Q 75 0 25 0 0 0 0 0 0
Q 75 0 25 0 0 0 0 0 0
Q 75 0 25 0 0 -6 0 0 0
R 35 0 26 0 0 -5 0 0 0
S 100 0 28 0 0 0 0 0 0
S 100 0 28 0 0 0 0 0 0
S 80 0 28 0 0 0 0 0 0
T 100 0 28 0 0 0 0 DORMONT 1
T 100 0 28 0 0 0 0 0 0
T 90 0 28 0 0 0 0 0 0
T 100 0 28 0 0 0 0 0 0
T 100 0 28 0 0 0 0 0 0
U 100 0 30 0 0 0 0 0 0
U 100 0 30 0 0 0 0 0 0
U 100 0 30 0 0 0 0 0 0
U 100 0 30 0 0 0 0 0 0
U 162 0 30 0 0 0 0 GLENBURY 1
U 100 0 30 0 0 0 0 0 0
U 100 0 30 0 0 0 0 0 0
V 50 0 15 0 0 0 0 0 0
V 50 0 15 0 0 0 0 0 0
V 40 0 15 0 0 0 0 0 0
V 50 0 15 0 0 0 0 0 0
V 50 0 15 0 0 0 0 0 0
W 50 0 20 1 0 0 0 OVERBROOK 1
W 50 0 20 1 0 0 0 0 0
W 50 0 20 1 0 0 0 0 0
W 50 0 20 1 0 0 0 0 0
W 50 0 20 1 0 0 0 0 0
W 50 0 20 1 0 0 0 0 0
W 50 0 20 1 0 0 0 0 0
W 50 0 20 1 0 0 0 0 0
W 50 0 20 1 0 0 0 0 0
W 50 0 20 1 0 0 0 INGLEWOOD 0
W 50 0 20 1 0 0 0 0 0
W 50 0 20 1 0 0 0 0 0
W 50 0 20 1 0 0 0 0 0
W 50 0 20 1 0 0 0 0 0
W 50 0 20 1 0 0 0 0 0
W 50 0 20 1 0 0 0 0 0
W 50 0 20 1 0 0 0 0 0
W 50 0 20 1 0 0 0 0 0
W 50 0 20 1 0 0 0 CENTRAL 1
W 50 0 20 1 0 0 0 0 0
W 50 0 20 1 0 0 0 0 0
W 50 0 20 1 0 0 0 0 0
X 50 0 20 0 0 0 0 0 0
X 50 0 20 0 0 0 0 0 0
X 50 0 20 0 0 0 0 0 0
Y 50 0 20 0 0 0 0 0 0
Y 50 0 20 0 0 0 0 0 0
Y 50 0 20 0 0 0 0 0 0
Z 50 0 20 0 0 -2 0 0 0
0 -3
1 -4
76
A 50 0.5 40 0 2 -1 0 0 0
A 50 1 40 0 2 0 0 0 0
A 50 1.5 40 0 2 0 0 0 0
B 50 2 40 0 2 0 0 0 0
B 50 1.5 40 0 2 0 0 0 0
B 50 1 40 0 2 0 0 0 0
C 75 0.5 40 0 2 0 0 SHADYSIDE 2
C 75 0 40 0 2 0 0 0 0
C 75 0 40 0 2 2 0 0 0
D 75 0 40 0 2 -2 0 0 0
D 75 -0.5 40 0 2 0 0 0 0
D 75 -1 40 0 2 0 0 0 0
E 70 -2 40 0 2 0 0 0 0
E 60 -1.25 40 0 2 0 0 0 0
E 60 -1 40 0 2 -1 0 0 0
F 50 -0.5 40 0 2 1 0 HERRONAVE 2
F 200 -0.5 55 0 2 0 0 0 0
F 400 -0.06025 70 0 2 0 0 0 0
F 400 0 70 0 2 0 0 0 0
F 200 0 70 0 2 0 0 0 0
G 100 0 55 0 2 0 0 SWISSVALE 2
G 100 0 55 0 2 0 0 0 0
G 100 0 55 0 2 0 0 0 0
H 50 0 70 1 2 0 0 0 0
H 50 0 70 1 2 0 0 PENNSTATION 2
H 50 0 70 1 2 0 0 0 0
H 50 0 70 1 2 3 0 0 0
H 50 0 70 1 2 -3 0 0 0
H 60 0 70 1 2 0 0 0 0
H 60 0 70 1 2 0 0 0 0
H 50 0 70 1 2 0 0 0 0
H 50 0 70 1 2 -4 0 0 0
H 50 0 70 1 2 4 0 0 0
H 50 0 70 1 2 0 0 0 0
H 50 0 70 1 2 0 0 STEELPLAZA 2
H 50 0 70 1 2 0 0 0 0
H 50 0 70 1 2 0 0 0 0
H 50 0 70 1 2 5 0 0 0
H 50 0 70 1 2 -5 0 0 0
H 60 0 70 1 2 0 0 0 0
H 60 0 70 1 2 0 0 0 0
H 50 0 70 1 2 0 0 0 0
H 50 0 70 1 2 -6 0 0 0
H 50 0 70 1 2 6 0 0 0
H 50 0 70 1 2 0 0 FIRSTAVE 2
I 75 0 70 1 2 0 0 0 0
I 75 0 70 0 2 0 1 0 0
I 75 0 70 0 2 0 0 STATIONSQUARE 2
J 50 0 60 0 2 0 0 0 0
J 50 0 60 0 2 0 0 0 0
J 50 0 55 0 2 0 0 0 0
J 43.2 0 55 0 2 7 0 0 0
J 50 0 55 0 2 -7 0 0 0
J 50 0 55 0 2 0 0 0 0
K 75 0.5 55 0 2 0 0 0 0
K 75 0.5 55 0 2 0 0 0 0
K 75 0.5 55 0 2 0 0 0 0
L 75 1 55 0 2 0 0 0 0
L 75 0.5 55 0 2 0 0 0 0
L 75 0 55 0 2 0 0 SOUTHHILLSJUNCTION 2
M 75 -0.5 55 0 2 0 0 0 0
M 75 -1 55 0 2 0 0 0 0
M 75 -1 55 0 2 0 0 0 0
N 75 -0.5 55 0 2 0 0 0 0
N 75 0 55 0 2 0 0 0 0
N 75 0 55 0 2 -7 0 0 0
O 50 0 55 1 2 -6 0 0 0
P 50 0 55 1 2 0 0 0 0
P 50 0 55 1 2 0 0 0 0
P 50 0 55 1 2 0 0 0 0
Q 50 0 55 1 2 -5 0 0 0
R 50 0 55 1 2 -4 0 0 0
S 50 0 55 1 2 0 0 0 0
S 50 0 55 1 2 0 0 0 0
S 50 0 55 1 2 0 0 0 0
T 50 0 55 1 2 -3 0 0 0
2 -2
2 -2